 0  0    0.000 +/- 0.274
 0  1  -49.137 +/- 0.193
 0  2  -31.711 +/- 0.338
 0  3   -2.830 +/- 0.309
 1  0  -11.986 +/- 0.288
 1  1  -61.055 +/- 0.216
 1  2  -43.582 +/- 0.269
 1  3  -14.731 +/- 0.255
 2  0  -37.442 +/- 0.328
 2  1  -86.680 +/- 0.333
 2  2  -69.058 +/- 0.291
 2  3  -40.302 +/- 0.243
 3  0   -4.205 +/- 0.109
 3  1  -53.413 +/- 0.103
 3  2  -35.839 +/- 0.192
 3  3   -6.910 +/- 0.132
 4  0  -32.172 +/- 0.249
 4  1  -81.399 +/- 0.194
 4  2  -63.852 +/- 0.246
 4  3  -35.047 +/- 0.276
