 0  0    0.000 +/- 0.438
 0  1  -49.514 +/- 0.423
 0  2  -30.652 +/- 0.286
 0  3   -0.734 +/- 0.208
 1  0  -11.713 +/- 0.383
 1  1  -61.468 +/- 0.420
 1  2  -42.691 +/- 0.352
 1  3  -13.027 +/- 0.429
 2  0  -39.221 +/- 0.348
 2  1  -88.480 +/- 0.079
 2  2  -70.185 +/- 0.354
 2  3  -40.676 +/- 0.378
 3  0   -4.586 +/- 0.263
 3  1  -54.010 +/- 0.165
 3  2  -35.466 +/- 0.394
 3  3   -5.955 +/- 0.572
 4  0  -32.196 +/- 0.185
 4  1  -81.601 +/- 0.058
 4  2  -63.283 +/- 0.166
 4  3  -33.447 +/- 0.376
